1.0 1.22222222222 1.44444444444 1.66666666667 1.88888888889 2.11111111111 2.33333333333 2.55555555556 2.77777777778 3.0 
0.90406573648 0.899594041177 0.894791784684 0.885919648772 0.88110292622 0.890609376831 0.890295374212 0.893762583941 0.907753709523 0.873372484515 
0.891665625091 0.877175779005 0.894358904941 0.906860912184 0.895287494437 0.882452589831 0.893458445421 0.884471042919 0.874707966809 0.906078785565 
0.89261447473 0.920323538025 0.890152688315 0.890387538096 0.899516457025 0.866541729596 0.884583510121 0.908559721249 0.8607754236 0.903404314746 
0.900860422973 0.893925022716 0.895051308725 0.885864451203 0.883891955628 0.864372690738 0.866343504763 0.869275068827 0.920528939227 0.86989140556 
0.864334532495 0.881613509117 0.892039802841 0.899131954069 0.904680144505 0.823015408168 0.860027599024 0.893280423911 0.885700711182 0.867570902517 
0.888414030271 0.868396307553 0.860433105768 0.851052885154 0.813550525057 0.846136012614 0.841406795691 0.841414360102 0.851865622915 0.870834054634 
0.871219732421 0.856186521402 0.860993502799 0.869045769779 0.818631902987 0.853069803459 0.840490374727 0.888749101339 0.831420581728 0.821721158209 
0.88590270403 0.89622641319 0.825774185385 0.878007793931 0.834494518065 0.829792527884 0.855838598247 0.835368301517 0.816267197919 0.821607238449 
0.810361047005 0.86782142984 0.805008987058 0.832333082076 0.77590155048 0.830019711749 0.819503674916 0.832356153202 0.833659185914 0.852260811842 
0.832066362952 0.764278513754 0.823778147574 0.87420278803 0.844149036992 0.866191213605 0.852106150743 0.834323769861 0.869567227756 0.857829101947 
