1.0 3.11111111111 5.22222222222 7.33333333333 9.44444444444 11.5555555556 13.6666666667 15.7777777778 17.8888888889 20.0 
0.930572507764 0.951468359396 0.916170569825 0.904806107964 0.914659483621 0.910064511681 0.916201301043 0.936964321409 0.893347424216 0.929908976278 
0.815198188981 0.78368907765 0.813036633925 0.884363713041 0.806431645644 0.80025876443 0.85771297151 0.838619109649 0.811540428919 0.864907597399 
0.681645512944 0.739263612003 0.741156459047 0.728278184139 0.6892296116 0.693658109549 0.66712724355 0.736449987682 0.637947365836 0.66365104131 
0.503814680558 0.61356810153 0.647908895271 0.588362602284 0.558016255888 0.639630325984 0.543738445515 0.576215814859 0.628406353476 0.541176609926 
0.464679610442 0.499879462145 0.468869155678 0.472740125653 0.409835791059 0.555057884373 0.446592362605 0.507930797642 0.465639764412 0.457240068801 
0.392554948648 0.416174382462 0.322112484532 0.484819015791 0.290810132457 0.37946642545 0.375474462607 0.395381356191 0.351176001834 0.349974853318 
0.278649713282 0.272119638193 0.242761622138 0.34596619649 0.299047078887 0.272572120724 0.369060403195 0.285647731154 0.325025275344 0.321386627746 
0.218154625511 0.243466970342 0.280072429108 0.277793577342 0.288022063917 0.282354563477 0.232476739596 0.220073186817 0.2481068352 0.26587342136 
0.241123642155 0.213864687492 0.308493847091 0.280382687325 0.158344802419 0.188669723214 0.132073800337 0.210805175068 0.202322422672 0.230615204554 
0.146108257401 0.192154972625 0.183725941671 0.157732786299 0.142907736985 0.189634661857 0.199116597227 0.166932137289 0.192524325338 0.240619293129 
