1.0 3.11111111111 5.22222222222 7.33333333333 9.44444444444 11.5555555556 13.6666666667 15.7777777778 17.8888888889 20.0 
0.939419012655 0.951468359396 0.924867341223 0.913296387934 0.923340899425 0.918430940098 0.933596256933 0.94588321373 0.918445896148 0.921776157364 
0.807239416438 0.784460749858 0.813036633925 0.884363713041 0.816536449994 0.812110975307 0.860541976362 0.841223313495 0.807522077253 0.864907597399 
0.691176104427 0.751566808805 0.751498116335 0.722605842393 0.731336326979 0.694483603761 0.674458370848 0.733069663516 0.66636515894 0.687397859642 
0.571335820622 0.637288950723 0.677712145654 0.619865272914 0.614353948586 0.674732362387 0.589295199025 0.60003669358 0.643268376019 0.608639293316 
0.516990551899 0.571824873008 0.492962887617 0.529292538555 0.484519184925 0.595722356513 0.466435533983 0.569511891051 0.52086938307 0.541542110994 
0.387049230103 0.484663496902 0.304145811907 0.496745758653 0.320449662895 0.330508094075 0.373277985741 0.417601100159 0.33184858018 0.324397613445 
0.27840763354 0.23154419094 0.20091049177 0.327677415012 0.272830363881 0.278050372468 0.385040034319 0.24033889153 0.292542422966 0.33024456479 
0.179780288443 0.240224279996 0.248124058239 0.271713982249 0.276337174667 0.29136073427 0.225198107936 0.184976480621 0.241988777035 0.269676038224 
0.232350923288 0.172377820765 0.282089988559 0.234074785105 0.157605830798 0.157538235919 0.139421672318 0.202635607547 0.195820256935 0.210226362092 
0.1610924586 0.181434561545 0.178008977371 0.14607808785 0.124952308547 0.174821614904 0.172174122456 0.156697228874 0.188144387475 0.210896540483 
