1.0 1.22222222222 1.44444444444 1.66666666667 1.88888888889 2.11111111111 2.33333333333 2.55555555556 2.77777777778 3.0 
0.902046086341 0.899811417431 0.889060277511 0.884917086868 0.880562769501 0.887858288565 0.888589105741 0.898187285468 0.904307171451 0.87055566618 
0.886498400003 0.871587897234 0.893300817155 0.907081705612 0.901183617262 0.889347599123 0.895557712515 0.875789150747 0.886490477974 0.904471972832 
0.891714500982 0.921981292053 0.883553470701 0.899948405228 0.907489843829 0.853036536037 0.88742257689 0.908525689014 0.893343072222 0.898637843682 
0.892278898551 0.891394967876 0.897996693424 0.882127275741 0.887717209847 0.862145985013 0.878609560507 0.864972299909 0.931332062383 0.867108288623 
0.879671135881 0.888596686649 0.887458744169 0.903015966196 0.910361068505 0.832668270817 0.884320219553 0.89840953618 0.886297138225 0.868697505958 
0.894149900264 0.863183179841 0.870439235675 0.858618875527 0.829144615821 0.846695255322 0.847898481294 0.863227493238 0.854269843131 0.859056594924 
0.889107881946 0.884583226912 0.894055544438 0.864013873946 0.84593207725 0.849487084696 0.875988004864 0.884752098512 0.844982610768 0.861734044436 
0.897409444329 0.89622641319 0.840704165899 0.881557260876 0.851094870393 0.824723058229 0.851469442885 0.829842209786 0.814328827457 0.83648162653 
0.812630047379 0.868472980528 0.79768895341 0.827793212166 0.788962133656 0.857946248863 0.857291776065 0.845327352694 0.861793488006 0.858260123106 
0.854524469138 0.808243167233 0.825613060725 0.875335306791 0.833218480723 0.861314198159 0.85295896503 0.863339861982 0.873834836408 0.859505936138 
