1.0 1.22222222222 1.44444444444 1.66666666667 1.88888888889 2.11111111111 2.33333333333 2.55555555556 2.77777777778 3.0 
0.997260820613 0.9972040223 1.0 0.994604335144 1.0 0.993419905628 1.0 1.0 0.989024478552 0.996306489377 
1.0 0.988189136755 0.997050355057 1.0 0.997032084628 0.994923340039 0.990661929582 1.0 0.996939979711 1.0 
0.98336590318 0.994982542711 1.0 0.992388849807 0.992851229459 1.0 0.991869493461 0.996716735306 0.919392558976 1.0 
1.0 0.995091288614 0.984906586915 0.997227527322 0.996638084567 0.995539670777 1.0 0.996396563563 0.989466296959 0.996493611804 
0.979882972676 1.0 0.985403882192 0.996671202961 0.990264298337 0.970423427747 0.994531120886 0.996066064642 0.981714807806 0.995293207441 
0.989835833304 1.0 0.9785796166 0.971970801897 0.943004331188 1.0 0.990831622326 0.983101991428 0.987891162239 0.988989040626 
0.990292877234 0.980554223042 0.973277384625 0.987870147798 0.976285894078 1.0 0.965026426112 1.0 0.994125826629 0.966805012482 
0.980244615518 1.0 0.941496015882 0.983118422568 0.992660667287 0.986325574658 0.987090854513 0.972050412388 0.994348037962 0.987241649584 
0.997645460837 0.981320624272 1.0 0.974654754185 0.980400814988 0.972435236983 0.960846503318 0.966512995781 0.987513862735 1.0 
0.958327134455 0.956660828198 1.0 0.986968232122 0.984489142457 0.983315945428 0.993253400637 0.978408865377 0.994812829867 0.976052684299 
