1 2 3 4 5 6 7 8 9 
1.0 1.0 1.0 1.0 1.0 1.0 1.0 1.0 1.0 1.0 
1.0 1.0 1.0 1.0 1.0 1.0 1.0 1.0 1.0 1.0 
1.0 1.0 1.0 1.0 1.0 1.0 1.0 1.0 1.0 1.0 
1.0 1.0 1.0 1.0 1.0 1.0 1.0 1.0 1.0 1.0 
0.993016285204 0.980294402249 1.0 0.960839179383 0.985936447385 0.960839179383 0.980294402249 0.846881480617 1.0 1.0 
0.952175075799 0.458261780351 0.477608511119 0.983854909437 0.468242923368 0.900301198686 0.946203122617 0.983823137766 0.476154892894 0.458261780351 
0.448551223013 0.439843332076 0.90606986429 0.439843332076 0.439843332076 0.972338202038 0.456818272535 0.439843332076 0.439843332076 0.439843332076 
0.420066062673 0.420066062673 0.431255196287 0.42747812415 0.42747812415 0.420066062673 0.420066062673 0.420066062673 0.420066062673 0.433062957561 
0.414685598829 0.421425231019 0.427255757632 0.414685598829 0.432052118097 0.421425231019 0.414685598829 0.421425231019 0.419478334474 0.421425231019 
