1.0 3.11111111111 5.22222222222 7.33333333333 9.44444444444 11.5555555556 13.6666666667 15.7777777778 17.8888888889 20.0 
0.775925187291 0.791224337179 0.756203705442 0.796433140314 0.801708803227 0.765911338284 0.752959591708 0.792963839495 0.764318026278 0.764318026278 
0.690517611972 0.716119250236 0.723881150137 0.710807679835 0.737224304688 0.702594954435 0.727845338444 0.704805737391 0.70985979242 0.728831961194 
0.632763492874 0.664806295027 0.633982716492 0.647666589176 0.692522231924 0.641624260057 0.637789256732 0.643088600025 0.638001988773 0.637081186754 
0.560483105132 0.592990037383 0.573147298871 0.620401680888 0.596609748618 0.582772215971 0.580509810031 0.584099690806 0.628171020534 0.576312452415 
0.50962731297 0.560002602681 0.566462233346 0.531618042791 0.533013392073 0.535149511666 0.545672431388 0.56302799084 0.536707936961 0.572755134659 
0.43942680486 0.510550850751 0.392680114839 0.503747014967 0.491658300913 0.498697392275 0.524110922672 0.502731138003 0.462818453222 0.522437596272 
0.403632052146 0.437962346351 0.426668264635 0.45851773289 0.446253007896 0.456526762776 0.514063148977 0.468620673018 0.44870221935 0.38931381342 
0.32113003335 0.390268477055 0.430706792276 0.413845927086 0.368951851713 0.385013308013 0.393308318771 0.310389291696 0.395781552222 0.456219981679 
0.367698794121 0.341267801552 0.331216506906 0.294071450518 0.341729746078 0.350649858358 0.332344848203 0.309176759529 0.308088844066 0.334925139765 
0.312417217373 0.270246865933 0.264947321354 0.264678043386 0.277299587558 0.33593514128 0.242977798669 0.365929298048 0.297548351083 0.283303261789 
