1 2 3 4 5 6 7 8 9 
1.0 1.0 1.0 1.0 1.0 1.0 1.0 1.0 1.0 1.0 
1.0 1.0 1.0 1.0 1.0 1.0 1.0 1.0 1.0 1.0 
1.0 0.965731944489 1.0 1.0 1.0 0.965731944489 1.0 0.965731944489 0.965731944489 1.0 
0.892579516213 0.868812547579 0.83617677542 0.853619054616 0.878013879732 0.892579516213 0.892579516213 0.925941104444 0.830216290523 0.901836359829 
0.671437158581 0.637754205533 0.697512213542 0.711910830025 0.662897680253 0.646575417014 0.673064441885 0.74357855597 0.711910830025 0.63196206065 
0.458261780351 0.458261780351 0.468242923368 0.458261780351 0.49515440715 0.458261780351 0.504580295273 0.458261780351 0.458261780351 0.458261780351 
0.439843332076 0.439843332076 0.439843332076 0.439843332076 0.439843332076 0.439843332076 0.448551223013 0.439843332076 0.439843332076 0.439843332076 
0.420066062673 0.420066062673 0.429580409076 0.42747812415 0.420066062673 0.420066062673 0.420066062673 0.420066062673 0.420066062673 0.420066062673 
0.414685598829 0.421425231019 0.414685598829 0.414685598829 0.414685598829 0.414685598829 0.414685598829 0.421425231019 0.418847314244 0.421425231019 
