1 2 3 4 5 6 7 8 9 
0.965673504352 0.984157735454 0.935779809943 0.959087570393 0.969630439557 0.978886393614 0.939279039877 0.971399337014 0.921392115791 0.968306427865 
0.979195842399 0.979211628762 0.962442528178 0.983709297729 0.967562818446 0.970823238672 0.963644717873 0.991571269248 0.968624733034 0.971349576617 
0.963757816841 0.951155184401 0.969289877604 0.969482544683 0.947057056168 0.964964064354 0.966201942574 0.971177033896 0.959802212201 0.969544290281 
0.953093924585 0.961544199192 0.937674683372 0.985554115937 0.9785732415 0.954258322039 0.971401015243 0.94863097977 0.97140681935 0.958225345041 
0.97433546 0.95504009446 0.931626099311 0.963474542158 0.957237236477 0.945708200534 0.930827963057 0.958715936136 0.969657466654 0.947838126748 
0.950432386208 0.922535080827 0.947558350557 0.95117800841 0.941102254829 0.951834194398 0.966862186286 0.964207868395 0.952307399585 0.905853610608 
0.952958036533 0.919219354895 0.941903873425 0.921284788351 0.903251709761 0.937978418381 0.928453980641 0.945328397915 0.938876994949 0.909578725193 
0.926163855205 0.913169415886 0.888524252724 0.911001609135 0.877545803075 0.901922048046 0.903100518704 0.938729167358 0.891934841425 0.91111366761 
0.891413046154 0.929612060257 0.911182468062 0.887758128912 0.899016031549 0.899116325545 0.883282320787 0.909044586797 0.879249263261 0.869469665097 
