1.0 1.22222222222 1.44444444444 1.66666666667 1.88888888889 2.11111111111 2.33333333333 2.55555555556 2.77777777778 3.0 
0.732676584217 0.742523789109 0.772752960984 0.714195608287 0.763498374249 0.772373485802 0.737207440033 0.77394107646 0.733436044669 0.727426918281 
0.755894944473 0.743982755976 0.82203435289 0.753043841913 0.734557106113 0.775608973334 0.709327406651 0.6956419135 0.722702513579 0.764408669577 
0.763059838485 0.742038605692 0.714531786277 0.754348066652 0.726458853173 0.707137685975 0.720642268828 0.701000509248 0.660674605264 0.680373663643 
0.694398831668 0.754405727968 0.685803351177 0.80402664908 0.735926292096 0.714451032777 0.6928103816 0.681628950398 0.695303942712 0.754158317072 
0.716913788638 0.701496095241 0.660935146402 0.742788091303 0.721393063349 0.706367761541 0.691903839048 0.687842713104 0.684363363403 0.66936192556 
0.74295096342 0.676599833209 0.651619991839 0.690357347921 0.648096934475 0.721760206655 0.670711534107 0.696508360187 0.681874671628 0.679691432286 
0.632634589137 0.665388130484 0.678221817248 0.678273823153 0.61418398658 0.70693218595 0.673501750082 0.6924404418 0.69324320676 0.670417584513 
0.669874037149 0.71480395704 0.680085597699 0.663743578024 0.658716373907 0.699363356345 0.677883256247 0.70238809541 0.653859708759 0.690506363317 
0.701111790599 0.671799443602 0.71683466615 0.660231092713 0.686780441854 0.654713493031 0.654062005285 0.677724178627 0.625160438345 0.675459860125 
0.674513182273 0.611657624355 0.7584439665 0.657713486098 0.68190908443 0.686879074524 0.662220598161 0.596302210753 0.679362988286 0.679299522203 
