1.0 3.11111111111 5.22222222222 7.33333333333 9.44444444444 11.5555555556 13.6666666667 15.7777777778 17.8888888889 20.0 
1.0 1.0 1.0 1.0 1.0 1.0 1.0 1.0 1.0 1.0 
1.0 1.0 0.996944149225 1.0 1.0 1.0 1.0 1.0 1.0 1.0 
1.0 1.0 1.0 1.0 1.0 1.0 0.996944149225 1.0 1.0 1.0 
0.987489249547 0.984466193007 1.0 1.0 1.0 0.996944149225 1.0 1.0 0.987489249547 1.0 
0.993888729338 1.0 0.996944149225 0.993806104925 0.993806104925 0.996944149225 1.0 0.969884711889 0.993888729338 1.0 
0.967813380784 1.0 0.985284747087 0.996944149225 0.988142737543 0.965471937712 0.977772566164 0.988150218319 0.964864105701 0.982231120446 
0.970602861154 0.877776077556 0.925020250243 0.997035869671 0.946685458228 0.962890934204 0.988149948313 0.857695653199 0.877094716395 0.97641679213 
0.822476452421 0.970501436574 0.87478716641 0.934003153406 0.977885777223 0.980635194306 0.929783438653 0.918051671345 0.957573542026 0.948544315023 
0.932590373565 0.929335562607 0.951298873571 0.616933519078 0.921483597164 0.864323402201 0.93300334843 0.888048592524 0.904749175536 0.910360356748 
0.920803008056 0.932323876961 0.897280835259 0.91157728702 0.808820126408 0.861879551493 0.790025891483 0.871867244504 0.834992740669 0.840850639041 
