1 2 3 4 5 6 7 8 9 
0.965673504352 0.984157735454 0.935779809943 0.959087570393 0.969630439557 0.978886393614 0.939279039877 0.971399337014 0.921392115791 0.968306427865 
0.979195842399 0.979211628762 0.962442528178 0.983709297729 0.967562818446 0.970823238672 0.963644717873 0.991571269248 0.968624733034 0.971349576617 
0.963757816841 0.951155184401 0.969289877604 0.969482544683 0.947057056168 0.964964064354 0.966201942574 0.971177033896 0.959802212201 0.969544290281 
0.953093924585 0.961544199192 0.941372980022 0.985554115937 0.9785732415 0.954258322039 0.928106893301 0.932395143701 0.97140681935 0.918192133866 
0.97433546 0.87682429783 0.908294964571 0.901464819889 0.943943361394 0.83780650526 0.838569106766 0.952594772133 0.955707951821 0.920118357122 
0.877804632379 0.458261780351 0.450972692154 0.876959293156 0.445092399366 0.856672779088 0.919394504463 0.9152015835 0.446624740989 0.447328155135 
0.425134654386 0.436332395984 0.844991812818 0.43214402561 0.429494344237 0.848714749236 0.426008540976 0.428645661214 0.428626778997 0.425322620341 
0.405433293242 0.395162865397 0.404443725876 0.398037882761 0.4184861015 0.418041341204 0.409976456214 0.402076187432 0.416751453406 0.39787420729 
0.396614927901 0.407322646815 0.403651659599 0.388229968376 0.399226226878 0.397620909965 0.386265199069 0.381084645204 0.412144652282 0.380196714564 
